_viz_ace_editor = nengo_gui.components.AceEditor()
_viz_net_graph = nengo_gui.components.NetGraph()
_viz_sim_control = nengo_gui.components.SimControl()
_viz_config[_viz_sim_control].kept_time = 4.0
_viz_config[_viz_sim_control].shown_time = 0.5
_viz_config[a0].pos=(-0.02873845746348927, 0.06445887347474974)
_viz_config[a0].size=(0.09108058131815605, 0.10087050095970322)
_viz_config[a0_b0_c0].pos=(0.6121616093729094, 0.41595796789307626)
_viz_config[a0_b0_c0].size=(0.08178958406227241, 0.15025049516624858)
_viz_config[a0_plus_b0].pos=(0.322547515787498, 0.2091970257638024)
_viz_config[a0_plus_b0].size=(0.0472555626996359, 0.08681021888525706)
_viz_config[b0].pos=(-0.025900478698953212, 0.3702782343132426)
_viz_config[b0].size=(0.08824260255361996, 0.09530490927147411)
_viz_config[b3].pos=(1.321592406184603, 2.5805615582931267)
_viz_config[b3].size=(0.1, 0.1)
_viz_config[c0].pos=(-0.025829590691998593, 0.6815232948492893)
_viz_config[c0].size=(0.08588543313497415, 0.09387419281470799)
_viz_config[c1].pos=(0.8611840913303298, 0.5770124780600716)
_viz_config[c1].size=(0.1, 0.1)
_viz_config[c2].pos=(1.2769544958754135, 1.166204592180764)
_viz_config[c2].size=(0.1, 0.1)
_viz_config[c3].pos=(1.7349421613824008, 1.7222853386327945)
_viz_config[c3].size=(0.1, 0.1)
_viz_config[c4].pos=(2.184007929131761, 2.2236846427188626)
_viz_config[c4].size=(0.1, 0.1)
_viz_config[model].pos=(0.17933159830218715, 0.15458598915226013)
_viz_config[model].size=(0.33273225123007266, 0.33273225123007266)
_viz_config[model].expanded=True
_viz_config[model].has_layout=True
_viz_config[s0].pos=(0.8892848384581722, 0.1839972001554905)
_viz_config[s0].size=(0.1, 0.1)
_viz_config[s1].pos=(1.2123255296114208, 0.7195435675247798)
_viz_config[s1].size=(0.1, 0.1)
_viz_config[s2].pos=(1.6487477982833716, 1.2846001994896656)
_viz_config[s2].size=(0.1, 0.1)
_viz_config[s3].pos=(2.107641469499454, 1.802457355965851)
_viz_config[s3].size=(0.1, 0.1)